[gd_scene load_steps=17 format=2]

[ext_resource path="res://Assets/CGTuts_OceanHDRI_Freebie_001.hdr" type="Texture" id=1]
[ext_resource path="res://Scenes/LeftHandModel.tscn" type="PackedScene" id=2]
[ext_resource path="res://Scenes/RightHandModel.tscn" type="PackedScene" id=3]
[ext_resource path="res://Game.gd" type="Script" id=4]
[ext_resource path="res://Scenes/Custom_Function_Pickup.tscn" type="PackedScene" id=5]
[ext_resource path="res://Scenes/YetAnotherApple.tscn" type="PackedScene" id=7]
[ext_resource path="res://Scenes/AppleTree_TypeA.tscn" type="PackedScene" id=10]

[sub_resource type="SpatialMaterial" id=7]
albedo_color = Color( 0.345098, 0.458824, 0.282353, 1 )

[sub_resource type="CubeMesh" id=1]
material = SubResource( 7 )

[sub_resource type="BoxShape" id=2]

[sub_resource type="PanoramaSky" id=4]
panorama = ExtResource( 1 )

[sub_resource type="Environment" id=3]
background_mode = 2
background_sky = SubResource( 4 )

[sub_resource type="SpatialMaterial" id=8]
albedo_color = Color( 0.870588, 0.478431, 0.0862745, 1 )

[sub_resource type="CylinderMesh" id=5]
material = SubResource( 8 )
top_radius = 0.2
bottom_radius = 0.5
height = 0.2

[sub_resource type="SpatialMaterial" id=9]
albedo_color = Color( 0.870588, 0.478431, 0.0862745, 1 )

[sub_resource type="CylinderMesh" id=6]
material = SubResource( 9 )
top_radius = 0.01
bottom_radius = 0.1
height = 0.8

[node name="Game" type="Spatial"]
script = ExtResource( 4 )

[node name="World" type="Spatial" parent="."]

[node name="Ground" type="MeshInstance" parent="World"]
transform = Transform( 40, 0, 0, 0, 1, 0, 0, 0, 40, 0, -1, 0 )
mesh = SubResource( 1 )
material/0 = null

[node name="StaticBody" type="StaticBody" parent="World/Ground"]
visible = false
collision_mask = 6

[node name="CollisionShape" type="CollisionShape" parent="World/Ground/StaticBody"]
shape = SubResource( 2 )

[node name="AppleTree_TypeA" parent="World" instance=ExtResource( 10 )]
transform = Transform( 0.865912, 0, 0.500196, 0, 1, 0, -0.500196, 0, 0.865912, 1.10621, 0, -0.690945 )

[node name="AppleTree_TypeA2" parent="World" instance=ExtResource( 10 )]
transform = Transform( 0.659713, 0, 0.751517, 0, 1, 0, -0.751517, 0, 0.659713, 0.0543693, 0, 2.55871 )

[node name="AppleTree_TypeA3" parent="World" instance=ExtResource( 10 )]
transform = Transform( -0.245878, 0.000311551, 0.969301, 0.000232528, 1, -0.000262437, -0.969301, 0.000160868, -0.245878, -2.33622, -0.00642586, 0.457768 )

[node name="WorldEnvironment" type="WorldEnvironment" parent="."]
environment = SubResource( 3 )

[node name="DirectionalLight" type="DirectionalLight" parent="."]
transform = Transform( 1, 0, 0, 0, 0.54002, 0.841652, 0, -0.841652, 0.54002, 0, 24.5053, 18.1196 )
shadow_enabled = true

[node name="ARVROrigin" type="ARVROrigin" parent="."]

[node name="PlayerCamera" type="ARVRCamera" parent="ARVROrigin"]

[node name="LeftHand" type="ARVRController" parent="ARVROrigin"]

[node name="Custom_Function_Pickup" parent="ARVROrigin/LeftHand" instance=ExtResource( 5 )]

[node name="LeftHandModel" parent="ARVROrigin/LeftHand" instance=ExtResource( 2 )]

[node name="RightHand" type="ARVRController" parent="ARVROrigin"]
controller_id = 2

[node name="Custom_Function_Pickup" parent="ARVROrigin/RightHand" instance=ExtResource( 5 )]

[node name="RightHandModel" parent="ARVROrigin/RightHand" instance=ExtResource( 3 )]

[node name="TeleportMesh" type="MeshInstance" parent="."]
visible = false
mesh = SubResource( 5 )
material/0 = null

[node name="TeleportPointy" type="MeshInstance" parent="TeleportMesh"]
mesh = SubResource( 6 )
material/0 = null

[node name="YetAnotherApple" parent="." instance=ExtResource( 7 )]
transform = Transform( 1, 0, 0, 0, 1, 0, 0, 0, 1, -0.00460619, 0.183095, 0.283847 )
mode = 1
