[gd_scene load_steps=11 format=2]

[ext_resource path="res://Assets/CGTuts_OceanHDRI_Freebie_001.hdr" type="Texture" id=1]
[ext_resource path="res://Scenes/ARVROrigin.tscn" type="PackedScene" id=2]
[ext_resource path="res://Audio/beep.wav" type="AudioStream" id=3]
[ext_resource path="res://Game.gd" type="Script" id=4]
[ext_resource path="res://Scenes/AppleTree_TypeA.tscn" type="PackedScene" id=10]

[sub_resource type="SpatialMaterial" id=7]
albedo_color = Color( 0.345098, 0.458824, 0.282353, 1 )

[sub_resource type="CubeMesh" id=1]
material = SubResource( 7 )

[sub_resource type="BoxShape" id=2]

[sub_resource type="PanoramaSky" id=4]
panorama = ExtResource( 1 )

[sub_resource type="Environment" id=3]
background_mode = 2
background_sky = SubResource( 4 )

[node name="Game" type="Spatial"]
script = ExtResource( 4 )

[node name="World" type="Spatial" parent="."]

[node name="Ground" type="MeshInstance" parent="World"]
transform = Transform( 40, 0, 0, 0, 1, 0, 0, 0, 40, 0, -1, 0 )
mesh = SubResource( 1 )
material/0 = null

[node name="StaticBody" type="StaticBody" parent="World/Ground"]
collision_mask = 6

[node name="CollisionShape" type="CollisionShape" parent="World/Ground/StaticBody"]
shape = SubResource( 2 )

[node name="AppleTree_TypeA" parent="World" instance=ExtResource( 10 )]
transform = Transform( 0.865912, 0, 0.500196, 0, 1, 0, -0.500196, 0, 0.865912, 0.855611, 0, -0.607795 )

[node name="AppleTree_TypeA2" parent="World" instance=ExtResource( 10 )]
transform = Transform( 0.659713, 0, 0.751517, 0, 1, 0, -0.751517, 0, 0.659713, 0.623137, 0, 1.94574 )

[node name="AppleTree_TypeA3" parent="World" instance=ExtResource( 10 )]
transform = Transform( 0.618275, 0.000110675, 0.785962, 0.000195117, 1, -0.000294311, -0.785962, 0.000335321, 0.618275, -1.32446, -0.00660324, 0.475171 )

[node name="WorldEnvironment" type="WorldEnvironment" parent="."]
environment = SubResource( 3 )

[node name="DirectionalLight" type="DirectionalLight" parent="."]
transform = Transform( 1, 0, 0, 0, 0.54002, 0.841652, 0, -0.841652, 0.54002, 0, 24.5053, 18.1196 )
shadow_enabled = true

[node name="ARVROrigin" parent="." instance=ExtResource( 2 )]

[node name="Skeleton" parent="ARVROrigin/LeftHand/HandModel/ArmatureLeft" index="0"]
bones/0/bound_children = [ NodePath("BoneAttachment 11"), NodePath("Palm") ]
bones/2/bound_children = [ NodePath("BoneAttachment") ]
bones/6/bound_children = [ NodePath("BoneAttachment 6") ]
bones/7/bound_children = [ NodePath("BoneAttachment 5") ]
bones/8/bound_children = [ NodePath("BoneAttachment 2"), NodePath("BoneAttachment 3"), NodePath("BoneAttachment 4") ]
bones/11/bound_children = [ NodePath("BoneAttachment 10") ]
bones/12/bound_children = [ NodePath("BoneAttachment 7"), NodePath("BoneAttachment 8"), NodePath("BoneAttachment 9") ]

[node name="BoneAttachment" parent="ARVROrigin/LeftHand/HandModel/ArmatureLeft/Skeleton" index="0"]
transform = Transform( 0.715416, 0.480301, 0.507437, -0.520631, 0.850801, -0.0712857, -0.465966, -0.213188, 0.858735, 3.59585, -2.80285, -1.91577 )

[node name="BoneAttachment 2" parent="ARVROrigin/LeftHand/HandModel/ArmatureLeft/Skeleton" index="1"]
transform = Transform( 0.992608, 0.0543433, -0.108515, 0.109345, -0.0125266, 0.993925, 0.0526545, -0.998444, -0.0183762, 15.792, -2.06916, -1.2769 )

[node name="BoneAttachment 3" parent="ARVROrigin/LeftHand/HandModel/ArmatureLeft/Skeleton" index="2"]
transform = Transform( 0.992608, 0.0543433, -0.108515, 0.109345, -0.0125266, 0.993925, 0.0526545, -0.998444, -0.0183762, 15.792, -2.06916, -1.2769 )

[node name="BoneAttachment 4" parent="ARVROrigin/LeftHand/HandModel/ArmatureLeft/Skeleton" index="3"]
transform = Transform( 0.992608, 0.0543433, -0.108515, 0.109345, -0.0125266, 0.993925, 0.0526545, -0.998444, -0.0183762, 15.792, -2.06916, -1.2769 )

[node name="BoneAttachment 5" parent="ARVROrigin/LeftHand/HandModel/ArmatureLeft/Skeleton" index="4"]
transform = Transform( 0.994319, -0.0918411, -0.0538007, 0.0547371, 0.00770642, 0.998471, -0.091286, -0.995744, 0.0126898, 13.3754, -2.20219, -1.05505 )

[node name="BoneAttachment 7" parent="ARVROrigin/LeftHand/HandModel/ArmatureLeft/Skeleton" index="6"]
transform = Transform( 0.987593, 0.0968453, -0.123618, 0.132458, -0.0908865, 0.987014, 0.0843529, -0.991142, -0.102587, 16.5356, 0.568592, -0.979276 )

[node name="BoneAttachment 8" parent="ARVROrigin/LeftHand/HandModel/ArmatureLeft/Skeleton" index="7"]
transform = Transform( 0.987593, 0.0968453, -0.123618, 0.132458, -0.0908865, 0.987014, 0.0843529, -0.991142, -0.102587, 16.5356, 0.568592, -0.979276 )

[node name="BoneAttachment 9" parent="ARVROrigin/LeftHand/HandModel/ArmatureLeft/Skeleton" index="8"]
transform = Transform( 0.987593, 0.0968453, -0.123618, 0.132458, -0.0908865, 0.987014, 0.0843529, -0.991142, -0.102587, 16.5356, 0.568592, -0.979276 )

[node name="BoneAttachment 10" parent="ARVROrigin/LeftHand/HandModel/ArmatureLeft/Skeleton" index="9"]
transform = Transform( 0.988767, -0.0960949, -0.114484, 0.110551, -0.0453155, 0.992837, -0.100594, -0.99434, -0.034183, 13.8116, 0.264028, -0.702144 )

[node name="Skeleton" parent="ARVROrigin/RightHand/HandModel/ArmatureRight" index="0"]
bones/0/bound_children = [ NodePath("BoneAttachment 5"), NodePath("BoneAttachment 6"), NodePath("BoneAttachment 7"), NodePath("BoneAttachment 8"), NodePath("BoneAttachment 9"), NodePath("BoneAttachment 10"), NodePath("BoneAttachment 11"), NodePath("BoneAttachment 12"), NodePath("BoneAttachment 13"), NodePath("BoneAttachment 14"), NodePath("BoneAttachment 15"), NodePath("BoneAttachment 16") ]
bones/2/bound_children = [ NodePath("BoneAttachment 3") ]
bones/3/bound_children = [ NodePath("BoneAttachment 2") ]
bones/4/bound_children = [ NodePath("BoneAttachment") ]
bones/10/bound_children = [ NodePath("BoneAttachment 4") ]

[node name="BoneAttachment" parent="ARVROrigin/RightHand/HandModel/ArmatureRight/Skeleton" index="0"]
transform = Transform( 0.575562, 0.67335, 0.464036, -0.739133, 0.671135, -0.0570919, -0.349873, -0.310125, 0.883974, -8.31233, 6.69126, 4.37118 )

[node name="BoneAttachment 2" parent="ARVROrigin/RightHand/HandModel/ArmatureRight/Skeleton" index="1"]
transform = Transform( 0.707382, 0.518598, 0.480278, -0.649744, 0.744603, 0.152968, -0.278287, -0.420265, 0.863674, -5.92187, 4.49557, 3.43076 )

[node name="BoneAttachment 3" parent="ARVROrigin/RightHand/HandModel/ArmatureRight/Skeleton" index="2"]
transform = Transform( 0.715415, 0.480301, 0.507437, -0.520631, 0.850801, -0.0712857, -0.465966, -0.213189, 0.858734, -3.59585, 2.80285, 1.91577 )

[node name="AudioStreamPlayer" type="AudioStreamPlayer" parent="."]
stream = ExtResource( 3 )

[editable path="World/AppleTree_TypeA"]
[editable path="World/AppleTree_TypeA/AppleTree"]
[editable path="World/AppleTree_TypeA/AppleCluster_TypeA"]
[editable path="ARVROrigin"]
