[gd_scene load_steps=10 format=2]

[ext_resource path="res://Audio/apple-picking-sound.wav" type="AudioStream" id=1]
[ext_resource path="res://scripts/AppleCluster_Training_Health_Tutorial.gd" type="Script" id=2]
[ext_resource path="res://Scenes/HealthyLargeAplle.tscn" type="PackedScene" id=3]
[ext_resource path="res://Scenes/Tutorial/Tick.tscn" type="PackedScene" id=4]
[ext_resource path="res://Scenes/DamagedLargeApple.tscn" type="PackedScene" id=5]
[ext_resource path="res://Scenes/Tutorial/Exclamation.tscn" type="PackedScene" id=6]
[ext_resource path="res://Scenes/Tutorial/Warning.tscn" type="PackedScene" id=7]
[ext_resource path="res://Scenes/HealthySmallApple.tscn" type="PackedScene" id=8]
[ext_resource path="res://Scenes/DamagedSmallApple.tscn" type="PackedScene" id=9]

[node name="AppleCluster_Training_Health_And_Size_Tutorial" type="Spatial" groups=["AppleCluster"]]
script = ExtResource( 2 )

[node name="HealthyLargeApple" parent="." instance=ExtResource( 3 )]
transform = Transform( 0.276581, -0.951177, 0.136987, 0.931674, 0.230464, -0.280839, 0.235557, 0.205302, 0.949928, 0.0301229, -0.0674365, -0.0150189 )
mode = 1

[node name="HealthyLargeApple2" parent="." instance=ExtResource( 3 )]
transform = Transform( 0.975637, 0.171368, 0.136987, -0.127649, 0.951228, -0.280839, -0.178433, 0.256511, 0.949928, -0.00910816, -0.100488, -0.0191328 )
mode = 1

[node name="HealthySmallApple" parent="." instance=ExtResource( 8 )]
transform = Transform( 0.862063, -0.506801, 0, 0.415669, 0.707048, 0.572103, -0.289943, -0.493189, 0.820182, 0.0215752, -0.0806233, 0.0302546 )

[node name="DamagedLargeApple" parent="." instance=ExtResource( 5 )]
transform = Transform( 0.969768, 0.230572, 0.079926, -0.244016, 0.919936, 0.306878, -0.00276952, -0.317103, 0.948386, -0.00947122, -0.109589, 0.0327556 )
mode = 1

[node name="DamagedLargeApple2" parent="." instance=ExtResource( 5 )]
transform = Transform( 0.508808, -0.849912, 0.136987, 0.842744, 0.459251, -0.280839, 0.175777, 0.258338, 0.949928, 0.0486654, -0.109378, 0.00833955 )
mode = 1

[node name="DamagedSmallApple" parent="." instance=ExtResource( 9 )]
transform = Transform( 0.834627, 0.550816, 0, -0.550816, 0.834627, 0, 0, 0, 1, -0.0081648, -0.0662499, 0.0208114 )

[node name="ApplePickSound" type="AudioStreamPlayer3D" parent="."]
transform = Transform( 1, 0, 0, 0, 1, 0, 0, 0, 1, 0, -0.0542786, 0 )
stream = ExtResource( 1 )
unit_db = 10.0

[node name="Exclamation" parent="." instance=ExtResource( 6 )]
transform = Transform( 0.1, 0, 0, 0, 0.1, 0, 0, 0, 0.1, 0, 0.0377613, 0 )

[node name="Warning" parent="." instance=ExtResource( 7 )]
transform = Transform( 0.1, 0, 0, 0, 0.1, 0, 0, 0, 0.1, 0, 0.038, 0 )
visible = false

[node name="Tick" parent="." instance=ExtResource( 4 )]
transform = Transform( 0.1, 0, 0, 0, 0.1, 0, 0, 0, 0.1, 0, 0.0510441, 0 )
visible = false

[node name="HealthySmallApple3" parent="." instance=ExtResource( 8 )]
transform = Transform( -0.65, 0, -5.68248e-08, 0, 0.65, 0, 5.68248e-08, 0, -0.65, 0.0154795, -0.0605133, 0.164252 )
mode = 1
script = null
