[gd_scene load_steps=14 format=2]

[ext_resource path="res://scripts/TimeAttack/AppleTree_TimeAttackGame.gd" type="Script" id=1]
[ext_resource path="res://Assets/Meshes/TreeComponents/branch 2.glb" type="PackedScene" id=2]
[ext_resource path="res://Assets/Meshes/leaves.glb" type="PackedScene" id=3]
[ext_resource path="res://Assets/Meshes/leaves.tscn" type="PackedScene" id=4]
[ext_resource path="res://Assets/Meshes/TreeComponents/branch 1.glb" type="PackedScene" id=5]
[ext_resource path="res://Assets/Meshes/TreeComponents/trunk 1.glb" type="PackedScene" id=6]
[ext_resource path="res://Audio/apple-tree-thinned-sound.wav" type="AudioStream" id=7]

[sub_resource type="Curve3D" id=3]
_data = {
"points": PoolVector3Array( 0, 0, 0, 0, 0, 0, -0.0030365, -0.00531864, 0.0410901, 0, 0, 0, 0, 0, 0, 0.00157092, 0.00141406, 0.753132 ),
"tilts": PoolRealArray( 0, 0 )
}

[sub_resource type="Curve3D" id=4]
_data = {
"points": PoolVector3Array( 0, 0, 0, 0, 0, 0, -0.0030365, -0.00531864, 0.0410901, 0, 0, 0, 0, 0, 0, 0.00314061, 0.00719118, 0.817492 ),
"tilts": PoolRealArray( 0, 0 )
}

[sub_resource type="Curve3D" id=5]
_data = {
"points": PoolVector3Array( 0, 0, 0, 0, 0, 0, -0.0030365, -0.00531864, 0.0410901, 0, 0, 0, 0, 0, 0, -0.00695099, 0.00176704, 0.904498 ),
"tilts": PoolRealArray( 0, 0 )
}

[sub_resource type="Curve3D" id=8]
_data = {
"points": PoolVector3Array( 0, 0, 0, 0, 0, 0, -0.0030365, -0.00531864, 0.0410901, 0, 0, 0, 0, 0, 0, -0.00695794, -0.00104821, 0.758135 ),
"tilts": PoolRealArray( 0, 0 )
}

[sub_resource type="Curve3D" id=9]
_data = {
"points": PoolVector3Array( 0, 0, 0, 0, 0, 0, -0.0030365, -0.00531864, 0.0410901, 0, 0, 0, 0, 0, 0, -0.00215304, 0.00224111, 0.769111 ),
"tilts": PoolRealArray( 0, 0 )
}

[sub_resource type="Curve3D" id=10]
_data = {
"points": PoolVector3Array( 0, 0, 0, 0, 0, 0, -0.0030365, -0.00531864, 0.0410901, 0, 0, 0, 0, 0, 0, -0.00808194, 0.000733614, 0.764607 ),
"tilts": PoolRealArray( 0, 0 )
}

[node name="AppleTree" type="Spatial"]
script = ExtResource( 1 )

[node name="Branch3" parent="." groups=["Branch"] instance=ExtResource( 2 )]
transform = Transform( 1, 0, 0, 0, 1, 0, 0, 0, 1, 0, 1.74895, 0 )

[node name="AppleClusterSpawnPath" type="Path" parent="Branch3" groups=["ClusterSpawnPath"]]
transform = Transform( 1, 0, 0, 0, 1, 0, 0, 0, 1, -0.00536525, -0.00238532, 0 )
curve = SubResource( 3 )

[node name="PathFollow" type="PathFollow" parent="Branch3/AppleClusterSpawnPath"]
transform = Transform( 1, 0, 0, 0, 1, 0, 0, 0, 1, -0.0030365, -0.00531864, 0.0410901 )

[node name="leaves" parent="Branch3" instance=ExtResource( 4 )]
transform = Transform( 0.907587, 0.419864, 0, -0.419864, 0.907587, 0, 0, 0, 1, 0, 0, 0 )

[node name="Branch2" parent="." groups=["Branch"] instance=ExtResource( 2 )]
transform = Transform( 1, 0, 0, 0, 1, 0, 0, 0, 1, 0, 2.19249, 0 )

[node name="leaves" parent="Branch2" instance=ExtResource( 4 )]
transform = Transform( 0.858897, -0.512148, 0, 0.512148, 0.858897, 0, 0, 0, 1, 0, 0, 0 )

[node name="Branch" parent="." groups=["Branch"] instance=ExtResource( 2 )]
transform = Transform( 1, 0, 0, 0, 1, 0, 0, 0, 1, 0, 2.59631, 0 )

[node name="leaves" parent="Branch" instance=ExtResource( 4 )]
transform = Transform( -0.902307, -0.431094, 0, 0.431094, -0.902307, 0, 0, 0, 1, 0, 2.38419e-07, 0 )

[node name="Branch4" parent="." groups=["Branch"] instance=ExtResource( 5 )]
transform = Transform( 1.1, 0, 0, 0, 1.1, 0, 0, 0, 1.1, 0, 1.28159, 0 )

[node name="AppleClusterSpawnPath" type="Path" parent="Branch4" groups=["ClusterSpawnPath"]]
transform = Transform( 0.909091, 0, 0, 0, 0.909091, 0, 0, 0, 0.909091, 8.12791e-08, -0.0103837, 0 )
curve = SubResource( 4 )

[node name="PathFollow" type="PathFollow" parent="Branch4/AppleClusterSpawnPath"]
transform = Transform( 1, 0, 0, 0, 1, 0, 0, 0, 1, -0.0030365, -0.00531864, 0.0410901 )

[node name="leaves" parent="Branch4" instance=ExtResource( 4 )]

[node name="Branch5" parent="." groups=["Branch"] instance=ExtResource( 5 )]
transform = Transform( 1.2, 0, 0, 0, 1.2, 0, 0, 0, 1.2, 0, 0.785724, 0 )

[node name="AppleClusterSpawnPath" type="Path" parent="Branch5" groups=["ClusterSpawnPath"]]
transform = Transform( 0.585531, 0.592957, 0, -0.592957, 0.585531, 0, 0, 0, 0.833333, -0.00483361, -0.0047732, 0 )
curve = SubResource( 5 )

[node name="PathFollow" type="PathFollow" parent="Branch5/AppleClusterSpawnPath"]
transform = Transform( 1, 0, 0, 0, 1, 0, 0, 0, 1, -0.0030365, -0.00531864, 0.0410901 )

[node name="leaves" parent="Branch5" instance=ExtResource( 4 )]
transform = Transform( 0.412262, 0.911065, 0, -0.911065, 0.412262, 0, 0, 0, 1, 0, 0, 0 )

[node name="Branch8" parent="." groups=["Branch"] instance=ExtResource( 2 )]
transform = Transform( -1, 0, 8.74228e-08, 0, 1, 0, -8.74228e-08, 0, -1, 0, 1.74047, 0 )

[node name="AppleClusterSpawnPath" type="Path" parent="Branch8" groups=["ClusterSpawnPath"]]
curve = SubResource( 8 )

[node name="PathFollow" type="PathFollow" parent="Branch8/AppleClusterSpawnPath"]
transform = Transform( 1, 0, 0, 0, 1, 0, 0, 0, 1, -0.0030365, -0.00531864, 0.0410901 )

[node name="leaves" parent="Branch8" instance=ExtResource( 3 )]
transform = Transform( -0.0390854, -0.999236, 9.08397e-08, 0.999236, -0.0390854, -8.7356e-08, 9.08397e-08, 8.7356e-08, 1, 0, 0, 0 )

[node name="Branch11" parent="." groups=["Branch"] instance=ExtResource( 2 )]
transform = Transform( -1, 0, 8.74228e-08, 0, 1, 0, -8.74228e-08, 0, -1, 0, 2.61043, 0 )

[node name="leaves" parent="Branch11" instance=ExtResource( 3 )]
transform = Transform( 0.908515, 0.417851, 7.99783e-09, -0.417851, 0.908515, 3.65297e-08, 7.99783e-09, -3.65297e-08, 1, 0, 0, 0 )

[node name="Branch12" parent="." groups=["Branch"] instance=ExtResource( 2 )]
transform = Transform( -1, 0, 8.74228e-08, 0, 1, 0, -8.74228e-08, 0, -1, 0, 2.20932, 0 )

[node name="leaves" parent="Branch12" instance=ExtResource( 3 )]
transform = Transform( -0.224866, -0.97439, 1.07081e-07, 0.97439, -0.224866, -8.51839e-08, 1.07081e-07, 8.51839e-08, 1, 0, 0, 0 )

[node name="Branch9" parent="." groups=["Branch"] instance=ExtResource( 5 )]
transform = Transform( -1.1, 0, -9.61651e-08, 0, 1.1, 0, 9.61647e-08, 0, -1.1, 0, 1.26862, 0 )

[node name="AppleClusterSpawnPath" type="Path" parent="Branch9" groups=["ClusterSpawnPath"]]
curve = SubResource( 9 )

[node name="PathFollow" type="PathFollow" parent="Branch9/AppleClusterSpawnPath"]
transform = Transform( 1, 0, 0, 0, 1, 0, 0, 0, 1, -0.0030365, -0.00531864, 0.0410901 )

[node name="leaves" parent="Branch9" instance=ExtResource( 4 )]
transform = Transform( 0.586259, 0.810124, -3.61704e-08, -0.810124, 0.586259, -7.08233e-08, -3.61702e-08, 7.0823e-08, 1, 0, 0, 0 )

[node name="Branch10" parent="." groups=["Branch"] instance=ExtResource( 2 )]
transform = Transform( -1.2, 0, -1.04907e-07, 0, 1.2, 0, 1.04907e-07, 0, -1.2, 0, 0.799202, 0 )

[node name="AppleClusterSpawnPath" type="Path" parent="Branch10" groups=["ClusterSpawnPath"]]
curve = SubResource( 10 )

[node name="PathFollow" type="PathFollow" parent="Branch10/AppleClusterSpawnPath"]
transform = Transform( 1, 0, 0, 0, 1, 0, 0, 0, 1, -0.0030365, -0.00531864, 0.0410901 )

[node name="leaves" parent="Branch10" instance=ExtResource( 4 )]
transform = Transform( -0.957943, -0.286959, -1.71168e-07, 0.286959, -0.957943, 2.50867e-08, -1.71168e-07, -2.50867e-08, 1, 0, -5.96046e-08, 0 )

[node name="TrunkAndTopBranches" parent="." groups=["Branch"] instance=ExtResource( 6 )]

[node name="leaves" parent="TrunkAndTopBranches" instance=ExtResource( 3 )]
transform = Transform( 0.84434, 0.311594, 0, -0.311594, 0.84434, 0, 0, 0, 0.9, 0, 3.0009, 0 )

[node name="leaves2" parent="TrunkAndTopBranches" instance=ExtResource( 3 )]
transform = Transform( -0.9, 0, -7.86805e-08, 0, 0.9, 0, 7.86805e-08, 0, -0.9, 0, 3.0009, 0 )

[node name="ThinningCompletedSoundPlayer" type="AudioStreamPlayer" parent="."]
stream = ExtResource( 7 )
