[gd_scene load_steps=9 format=2]

[ext_resource path="res://Scenes/HealthyLargeAplle.tscn" type="PackedScene" id=1]
[ext_resource path="res://Scenes/Training/FeedbackIcons/Exclamation.tscn" type="PackedScene" id=2]
[ext_resource path="res://Assets/Fonts/Calistoga/Calistoga-Regular.ttf" type="DynamicFontData" id=3]
[ext_resource path="res://Scenes/DamagedLargeApple.tscn" type="PackedScene" id=4]
[ext_resource path="res://Scenes/HealthySmallApple.tscn" type="PackedScene" id=5]
[ext_resource path="res://Scenes/DamagedSmallApple.tscn" type="PackedScene" id=6]

[sub_resource type="DynamicFont" id=1]
size = 72
font_data = ExtResource( 3 )

[sub_resource type="ViewportTexture" id=2]
viewport_path = NodePath("Viewport")

[node name="AppleCluster_Missed" type="Spatial"]

[node name="HealthyLargeApple2" parent="." instance=ExtResource( 1 )]
transform = Transform( 0.382796, 0.907956, 0.170539, -0.870725, 0.416277, -0.261825, -0.308717, -0.048267, 0.949928, -0.037485, -0.0202452, 0.000341618 )
mode = 1
script = null

[node name="HealthyLargeApple3" parent="." instance=ExtResource( 1 )]
transform = Transform( 0.843089, 0.492816, -0.215256, -0.537515, 0.784696, -0.308755, 0.0167514, 0.376011, 0.926463, -0.0353407, -0.0634177, -0.00816691 )
mode = 1
script = null

[node name="HealthyLargeApple4" parent="." instance=ExtResource( 1 )]
transform = Transform( -0.277384, 0.181236, 0.94351, -0.537515, 0.784696, -0.308755, -0.796327, -0.592794, -0.120245, -0.00148302, -0.028679, 0.00918745 )
mode = 1
script = null

[node name="Viewport" type="Viewport" parent="."]
size = Vector2( 400, 400 )
transparent_bg = true
render_target_v_flip = true

[node name="Label" type="Label" parent="Viewport"]
margin_right = 40.0
margin_bottom = 14.0
custom_fonts/font = SubResource( 1 )
text = "Missed"

[node name="Sprite3D" type="Sprite3D" parent="."]
transform = Transform( 0.09, 0, 0, 0, 0.09, 0, 0, 0, 0.09, 0.0730254, -0.298477, 0 )
modulate = Color( 0.117647, 0.564706, 0.937255, 1 )
texture = SubResource( 2 )

[node name="Exclamation" parent="." instance=ExtResource( 2 )]
transform = Transform( 1, 0, 0, 0, 1, 0, 0, 0, 1, 0, 0.0264596, 0 )

[node name="DamagedLargeApple" parent="." instance=ExtResource( 4 )]
transform = Transform( 0.934117, -0.291374, 0.206221, 0.297775, 0.954636, 0, -0.196866, 0.0614075, 0.978505, 0.0365731, -0.0597747, -0.0031957 )

[node name="DamagedSmallApple" parent="." instance=ExtResource( 6 )]
transform = Transform( 1, 0, 0, 0, 0.913197, 0.407518, 0, -0.407518, 0.913197, 0, -0.0612254, 0.0140645 )

[node name="HealthySmallApple" parent="." instance=ExtResource( 5 )]
transform = Transform( 0.874086, -0.485771, 0, 0.485771, 0.874086, 0, 0, 0, 1, 0.0369159, -0.0203309, 0 )
